 900.00000000   3.26441612e-10 
 950.00000000   2.14613955e-09 
 1000.00000000   2.23971760e-09 
 1050.00000000   2.35939309e-09 
 1100.00000000   2.84379968e-09 
 1150.00000000   2.46873439e-09 
 1200.00000000   2.20490365e-09 
 1250.00000000   2.29945658e-09 
 1300.00000000   2.37614731e-09 
 1350.00000000   2.32281617e-09 
 1400.00000000   2.20279379e-09 
 1450.00000000   2.04652792e-09 
 1500.00000000   1.90231794e-09 
 1550.00000000   1.66370233e-09 
 1600.00000000   1.54917353e-09 
 1650.00000000   1.51187875e-09 
 1700.00000000   1.41120035e-09 
 1750.00000000   1.32281958e-09 
 1800.00000000   1.24565980e-09 
 1850.00000000   1.13227664e-09 
 1900.00000000   1.01451619e-09 
 1950.00000000   9.10716347e-10 
 2000.00000000   8.15621273e-10 
 2050.00000000   7.25302152e-10 
 2100.00000000   6.42424415e-10 
 2150.00000000   6.03927043e-10 
 2200.00000000   5.67134500e-10 
 2250.00000000   5.54001438e-10 
 2300.00000000   5.47988366e-10 
 2350.00000000   5.40271163e-10 
 2400.00000000   5.34002015e-10 
 2450.00000000   5.25196644e-10 
 2500.00000000   5.12791833e-10 
 2550.00000000   4.98492316e-10 
 2600.00000000   4.81681011e-10 
 2650.00000000   4.62063061e-10 
 2700.00000000   4.41672363e-10 
 2750.00000000   4.25914418e-10 
 2800.00000000   4.09456913e-10 
 2850.00000000   3.91908364e-10 
 2900.00000000   3.73597145e-10 
 2950.00000000   3.54763166e-10 
 3000.00000000   3.40017979e-10 
 3050.00000000   3.25079997e-10 
 3100.00000000   3.09735623e-10 
 3150.00000000   2.96783444e-10 
 3200.00000000   2.84225661e-10 
 3250.00000000   2.72371644e-10 
 3300.00000000   2.60818755e-10 
 3350.00000000   2.49192960e-10 
 3400.00000000   2.39353334e-10 
 3450.00000000   2.29632144e-10 
 3500.00000000   2.21911271e-10 
 3550.00000000   2.13649762e-10 
 3600.00000000   2.04818336e-10 
 3650.00000000   1.97577548e-10 
 3700.00000000   1.93902156e-10 
 3750.00000000   1.90144923e-10 
 3800.00000000   1.86304476e-10 
 3850.00000000   1.82379819e-10 
 3900.00000000   1.78369539e-10 
 3950.00000000   1.73953480e-10 
 4000.00000000   1.68595816e-10 
 4050.00000000   1.63139770e-10 
 4100.00000000   1.57583999e-10 
 4150.00000000   1.51927112e-10 
 4200.00000000   1.46168045e-10 
 4250.00000000   1.40305426e-10 
 4300.00000000   1.35390070e-10 
 4350.00000000   1.31510318e-10 
 4400.00000000   1.27567116e-10 
 4450.00000000   1.23559982e-10 
 4500.00000000   1.19488068e-10 
 4550.00000000   1.15350639e-10 
 4600.00000000   1.11146858e-10 
 4650.00000000   1.06876221e-10 
 4700.00000000   1.03305031e-10 
 4750.00000000   1.00750172e-10 
 4800.00000000   9.81590598e-11 
 4850.00000000   9.55312640e-11 
 4900.00000000   9.28664741e-11 
 4950.00000000   9.01643136e-11 
 5000.00000000   8.74244172e-11 
 5050.00000000   8.46464095e-11 
 5100.00000000   8.18299331e-11 
 5150.00000000   7.89745955e-11 
 5200.00000000   7.66825165e-11 
 5250.00000000   7.46585784e-11 
 5300.00000000   7.26103962e-11 
 5350.00000000   7.05378038e-11 
 5400.00000000   6.84405624e-11 
 5450.00000000   6.63185146e-11 
 5500.00000000   6.41714079e-11 
 5550.00000000   6.24794845e-11 
 5600.00000000   6.09034176e-11 
 5650.00000000   5.93109140e-11 
 5700.00000000   5.77018087e-11 
 5750.00000000   5.60760214e-11 
 5800.00000000   5.44333993e-11 
 5850.00000000   5.27738360e-11 
 5900.00000000   5.10971959e-11 
 5950.00000000   4.98278462e-11 
 6000.00000000   4.85887967e-11 
 6050.00000000   4.73384194e-11 
 6100.00000000   4.60766552e-11 
 6150.00000000   4.48034114e-11 
 6200.00000000   4.35201605e-11 
 6250.00000000   4.24906553e-11 
 6300.00000000   4.14526692e-11 
 6350.00000000   4.04061423e-11 
 6400.00000000   3.93510185e-11 
 6450.00000000   3.82872622e-11 
 6500.00000000   3.72148207e-11 
 6550.00000000   3.62610647e-11 
 6600.00000000   3.54387890e-11 
 6650.00000000   3.46105243e-11 
 6700.00000000   3.37762705e-11 
 6750.00000000   3.29359664e-11 
 6800.00000000   3.20896109e-11 
 6850.00000000   3.12371421e-11 
 6900.00000000   3.04255306e-11 
 6950.00000000   2.97673871e-11 
 7000.00000000   2.91050554e-11 
 7050.00000000   2.84385014e-11 
 7100.00000000   2.77676902e-11 
 7150.00000000   2.70926338e-11 
 7200.00000000   2.64132969e-11 
 7250.00000000   2.57296465e-11 
 7300.00000000   2.50628821e-11 
 7350.00000000   2.45416005e-11 
 7400.00000000   2.40173208e-11 
 7450.00000000   2.34900108e-11 
 7500.00000000   2.29596847e-11 
 7550.00000000   2.24624563e-11 
 7600.00000000   2.19777457e-11 
 7650.00000000   2.14904376e-11 
 7700.00000000   2.10005331e-11 
 7750.00000000   2.05084749e-11 
 7800.00000000   2.00796614e-11 
 7850.00000000   1.96486974e-11 
 7900.00000000   1.92155869e-11 
 7950.00000000   1.87803267e-11 
 8000.00000000   1.83545480e-11 
 8050.00000000   1.79374472e-11 
 8100.00000000   1.75184160e-11 
 8150.00000000   1.70974513e-11 
 8200.00000000   1.66745451e-11 
 8250.00000000   1.63740360e-11 
 8300.00000000   1.61096224e-11 
 8350.00000000   1.58441030e-11 
 8400.00000000   1.55774596e-11 
 8450.00000000   1.53097192e-11 
 8500.00000000   1.50408636e-11 
 8550.00000000   1.47708753e-11 
 8600.00000000   1.44997717e-11 
 8650.00000000   1.42275404e-11 
 8700.00000000   1.39541821e-11 
 8750.00000000   1.36796881e-11 
 8800.00000000   1.34040581e-11 
 8850.00000000   1.31362705e-11 
 8900.00000000   1.28766674e-11 
 8950.00000000   1.26161682e-11 
 9000.00000000   1.23547728e-11 
 9050.00000000   1.20924794e-11 
 9100.00000000   1.18292865e-11 
 9150.00000000   1.15651911e-11 
 9200.00000000   1.13001881e-11 
 9250.00000000   1.10342817e-11 
 9300.00000000   1.07674633e-11 
 9350.00000000   1.04997329e-11 
 9400.00000000   1.02310886e-11 
 9450.00000000   9.96152915e-12 
 9500.00000000   9.69104979e-12 
 9550.00000000   9.45634330e-12 
 9600.00000000   9.33745292e-12 
 9650.00000000   9.21821956e-12 
 9700.00000000   9.09864275e-12 
 9750.00000000   8.97872260e-12 
 9800.00000000   8.85845608e-12 
 9850.00000000   8.73784707e-12 
 9900.00000000   8.61688882e-12 
 9950.00000000   8.49558702e-12 
 10000.00000000   8.37393436e-12 
 10000.00000000   8.37393436e-12 