 900.00000000   1.80900724e-40 
 950.00000000   3.62550170e-19 
 1000.00000000   1.81704823e-18 
 1050.00000000   7.59910722e-18 
 1100.00000000   5.34254292e-17 
 1150.00000000   4.27166650e-16 
 1200.00000000   7.28881057e-16 
 1250.00000000   3.75701684e-15 
 1300.00000000   8.89632278e-15 
 1350.00000000   1.87542313e-14 
 1400.00000000   3.65528903e-14 
 1450.00000000   6.40164578e-14 
 1500.00000000   1.15385533e-13 
 1550.00000000   3.43549460e-13 
 1600.00000000   7.76994476e-13 
 1650.00000000   2.28436554e-12 
 1700.00000000   9.01236932e-12 
 1750.00000000   2.03272897e-11 
 1800.00000000   3.52878146e-11 
 1850.00000000   5.61534832e-11 
 1900.00000000   7.85202631e-11 
 1950.00000000   1.09977259e-10 
 2000.00000000   1.43228666e-10 
 2050.00000000   2.63861248e-10 
 2100.00000000   3.84493990e-10 
 2150.00000000   3.72768367e-10 
 2200.00000000   3.56677971e-10 
 2250.00000000   3.16741604e-10 
 2300.00000000   2.67363306e-10 
 2350.00000000   2.58454669e-10 
 2400.00000000   4.02022727e-10 
 2450.00000000   5.45590785e-10 
 2500.00000000   5.27200056e-10 
 2550.00000000   4.89484064e-10 
 2600.00000000   5.16819610e-10 
 2650.00000000   6.72846482e-10 
 2700.00000000   8.14227450e-10 
 2750.00000000   8.06591993e-10 
 2800.00000000   7.98956354e-10 
 2850.00000000   9.32166580e-10 
 2900.00000000   1.14494382e-09 
 2950.00000000   1.35772123e-09 
 3000.00000000   1.46656070e-09 
 3050.00000000   1.57051982e-09 
 3100.00000000   1.67404062e-09 
 3150.00000000   1.62738361e-09 
 3200.00000000   1.66776644e-09 
 3250.00000000   1.83173557e-09 
 3300.00000000   1.87685945e-09 
 3350.00000000   1.88020249e-09 
 3400.00000000   1.86967769e-09 
 3450.00000000   1.87445166e-09 
 3500.00000000   1.99512510e-09 
 3550.00000000   2.03288994e-09 
 3600.00000000   1.82916316e-09 
 3650.00000000   2.06224108e-09 
 3700.00000000   2.01357517e-09 
 3750.00000000   1.96490926e-09 
 3800.00000000   1.91624334e-09 
 3850.00000000   1.86757743e-09 
 3900.00000000   1.81890971e-09 
 3950.00000000   1.82912518e-09 
 4000.00000000   1.99571303e-09 
 4050.00000000   2.16230089e-09 
 4100.00000000   2.32888874e-09 
 4150.00000000   2.49547479e-09 
 4200.00000000   2.66206265e-09 
 4250.00000000   2.82865050e-09 
 4300.00000000   2.93086303e-09 
 4350.00000000   2.96519979e-09 
 4400.00000000   2.99953837e-09 
 4450.00000000   3.03387694e-09 
 4500.00000000   3.06821371e-09 
 4550.00000000   3.10255228e-09 
 4600.00000000   3.13688905e-09 
 4650.00000000   3.17122762e-09 
 4700.00000000   3.16896817e-09 
 4750.00000000   3.11606557e-09 
 4800.00000000   3.06316296e-09 
 4850.00000000   3.01026035e-09 
 4900.00000000   2.95735775e-09 
 4950.00000000   2.90445514e-09 
 5000.00000000   2.85155253e-09 
 5050.00000000   2.79864993e-09 
 5100.00000000   2.74574732e-09 
 5150.00000000   2.69284471e-09 
 5200.00000000   2.67404551e-09 
 5250.00000000   2.67192897e-09 
 5300.00000000   2.66981243e-09 
 5350.00000000   2.66769589e-09 
 5400.00000000   2.66557936e-09 
 5450.00000000   2.66346282e-09 
 5500.00000000   2.66134628e-09 
 5550.00000000   2.63894534e-09 
 5600.00000000   2.61092020e-09 
 5650.00000000   2.58289687e-09 
 5700.00000000   2.55487173e-09 
 5750.00000000   2.52684659e-09 
 5800.00000000   2.49882326e-09 
 5850.00000000   2.47079812e-09 
 5900.00000000   2.44277479e-09 
 5950.00000000   2.41451448e-09 
 6000.00000000   2.38623246e-09 
 6050.00000000   2.35795225e-09 
 6100.00000000   2.32967023e-09 
 6150.00000000   2.30138822e-09 
 6200.00000000   2.27307002e-09 
 6250.00000000   2.23859577e-09 
 6300.00000000   2.20411971e-09 
 6350.00000000   2.16964365e-09 
 6400.00000000   2.13516940e-09 
 6450.00000000   2.10069334e-09 
 6500.00000000   2.06621909e-09 
 6550.00000000   2.03770371e-09 
 6600.00000000   2.01565191e-09 
 6650.00000000   1.99360192e-09 
 6700.00000000   1.97155012e-09 
 6750.00000000   1.94949832e-09 
 6800.00000000   1.92744653e-09 
 6850.00000000   1.90539473e-09 
 6900.00000000   1.88193010e-09 
 6950.00000000   1.85369692e-09 
 7000.00000000   1.82546375e-09 
 7050.00000000   1.79723111e-09 
 7100.00000000   1.76899812e-09 
 7150.00000000   1.74076530e-09 
 7200.00000000   1.71253231e-09 
 7250.00000000   1.68429932e-09 
 7300.00000000   1.65727691e-09 
 7350.00000000   1.63876733e-09 
 7400.00000000   1.62025775e-09 
 7450.00000000   1.60174798e-09 
 7500.00000000   1.58323840e-09 
 7550.00000000   1.56180890e-09 
 7600.00000000   1.53915163e-09 
 7650.00000000   1.51649454e-09 
 7700.00000000   1.49383745e-09 
 7750.00000000   1.47123191e-09 
 7800.00000000   1.45568295e-09 
 7850.00000000   1.44013399e-09 
 7900.00000000   1.42458485e-09 
 7950.00000000   1.40903571e-09 
 8000.00000000   1.39007913e-09 
 8050.00000000   1.36800182e-09 
 8100.00000000   1.34592452e-09 
 8150.00000000   1.32384703e-09 
 8200.00000000   1.30176991e-09 
 8250.00000000   1.28509575e-09 
 8300.00000000   1.27004209e-09 
 8350.00000000   1.25498826e-09 
 8400.00000000   1.23993460e-09 
 8450.00000000   1.22488095e-09 
 8500.00000000   1.20982712e-09 
 8550.00000000   1.19477364e-09 
 8600.00000000   1.17971981e-09 
 8650.00000000   1.16466616e-09 
 8700.00000000   1.14961250e-09 
 8750.00000000   1.13455867e-09 
 8800.00000000   1.11950520e-09 
 8850.00000000   1.10438280e-09 
 8900.00000000   1.08919076e-09 
 8950.00000000   1.07399853e-09 
 9000.00000000   1.05880649e-09 
 9050.00000000   1.04361445e-09 
 9100.00000000   1.02842241e-09 
 9150.00000000   1.01323036e-09 
 9200.00000000   9.98038321e-10 
 9250.00000000   9.82846278e-10 
 9300.00000000   9.67654236e-10 
 9350.00000000   9.52462193e-10 
 9400.00000000   9.37270151e-10 
 9450.00000000   9.22078108e-10 
 9500.00000000   9.06886066e-10 
 9550.00000000   8.93510628e-10 
 9600.00000000   8.85897602e-10 
 9650.00000000   8.78284757e-10 
 9700.00000000   8.70671731e-10 
 9750.00000000   8.63058886e-10 
 9800.00000000   8.55445860e-10 
 9850.00000000   8.47832835e-10 
 9900.00000000   8.40219809e-10 
 9950.00000000   8.32606964e-10 
 10000.00000000   8.24993938e-10 
 10000.00000000   8.24993938e-10 