 900.00000000   1.77160184e-09 
 950.00000000   8.78116458e-08 
 1000.00000000   1.06429927e-07 
 1050.00000000   1.04521849e-07 
 1100.00000000   1.12999536e-07 
 1150.00000000   1.01728124e-07 
 1200.00000000   8.56184946e-08 
 1250.00000000   9.62517992e-08 
 1300.00000000   8.61918367e-08 
 1350.00000000   8.14686931e-08 
 1400.00000000   7.62487100e-08 
 1450.00000000   6.93253127e-08 
 1500.00000000   5.76819985e-08 
 1550.00000000   4.97581787e-08 
 1600.00000000   4.84700207e-08 
 1650.00000000   5.02594897e-08 
 1700.00000000   4.60890831e-08 
 1750.00000000   4.33616775e-08 
 1800.00000000   4.17894347e-08 
 1850.00000000   3.82277489e-08 
 1900.00000000   3.41997824e-08 
 1950.00000000   3.22820640e-08 
 2000.00000000   3.07632710e-08 
 2050.00000000   2.89083293e-08 
 2100.00000000   2.70934222e-08 
 2150.00000000   2.63455979e-08 
 2200.00000000   2.56338219e-08 
 2250.00000000   2.44623041e-08 
 2300.00000000   2.30753038e-08 
 2350.00000000   2.18206411e-08 
 2400.00000000   2.11855988e-08 
 2450.00000000   2.05319377e-08 
 2500.00000000   1.95516782e-08 
 2550.00000000   1.85168495e-08 
 2600.00000000   1.74992032e-08 
 2650.00000000   1.65378619e-08 
 2700.00000000   1.56012573e-08 
 2750.00000000   1.50205988e-08 
 2800.00000000   1.44353194e-08 
 2850.00000000   1.37613922e-08 
 2900.00000000   1.30358948e-08 
 2950.00000000   1.23064071e-08 
 3000.00000000   1.17605341e-08 
 3050.00000000   1.12205636e-08 
 3100.00000000   1.06778955e-08 
 3150.00000000   1.01930420e-08 
 3200.00000000   9.73584150e-09 
 3250.00000000   9.31904536e-09 
 3300.00000000   8.91088316e-09 
 3350.00000000   8.50451403e-09 
 3400.00000000   8.10820235e-09 
 3450.00000000   7.72415716e-09 
 3500.00000000   7.44479566e-09 
 3550.00000000   7.15308589e-09 
 3600.00000000   6.81164566e-09 
 3650.00000000   6.59504941e-09 
 3700.00000000   6.54957230e-09 
 3750.00000000   6.50389708e-09 
 3800.00000000   6.45801645e-09 
 3850.00000000   6.41194070e-09 
 3900.00000000   6.36566288e-09 
 3950.00000000   6.27092433e-09 
 4000.00000000   6.04743779e-09 
 4050.00000000   5.82315701e-09 
 4100.00000000   5.59808078e-09 
 4150.00000000   5.37220681e-09 
 4200.00000000   5.14553187e-09 
 4250.00000000   4.91805464e-09 
 4300.00000000   4.72998190e-09 
 4350.00000000   4.58375137e-09 
 4400.00000000   4.43705642e-09 
 4450.00000000   4.28989555e-09 
 4500.00000000   4.14226941e-09 
 4550.00000000   3.99417637e-09 
 4600.00000000   3.84561454e-09 
 4650.00000000   3.69658242e-09 
 4700.00000000   3.56624456e-09 
 4750.00000000   3.46208667e-09 
 4800.00000000   3.35764219e-09 
 4850.00000000   3.25290929e-09 
 4900.00000000   3.14788898e-09 
 4950.00000000   3.04258029e-09 
 5000.00000000   2.93698145e-09 
 5050.00000000   2.83109344e-09 
 5100.00000000   2.72491528e-09 
 5150.00000000   2.61844523e-09 
 5200.00000000   2.53396191e-09 
 5250.00000000   2.46018256e-09 
 5300.00000000   2.38622802e-09 
 5350.00000000   2.31209858e-09 
 5400.00000000   2.23779467e-09 
 5450.00000000   2.16331469e-09 
 5500.00000000   2.08865955e-09 
 5550.00000000   2.02769209e-09 
 5600.00000000   1.97044350e-09 
 5650.00000000   1.91307606e-09 
 5700.00000000   1.85558952e-09 
 5750.00000000   1.79798364e-09 
 5800.00000000   1.74025849e-09 
 5850.00000000   1.68241357e-09 
 5900.00000000   1.62444902e-09 
 5950.00000000   1.58106435e-09 
 6000.00000000   1.53904950e-09 
 6050.00000000   1.49695774e-09 
 6100.00000000   1.45478890e-09 
 6150.00000000   1.41254210e-09 
 6200.00000000   1.37026135e-09 
 6250.00000000   1.33524249e-09 
 6300.00000000   1.30016559e-09 
 6350.00000000   1.26502991e-09 
 6400.00000000   1.22983669e-09 
 6450.00000000   1.19458441e-09 
 6500.00000000   1.15927470e-09 
 6550.00000000   1.12779990e-09 
 6600.00000000   1.10050119e-09 
 6650.00000000   1.07316307e-09 
 6700.00000000   1.04578483e-09 
 6750.00000000   1.01836567e-09 
 6800.00000000   9.90907087e-10 
 6850.00000000   9.63408265e-10 
 6900.00000000   9.37140865e-10 
 6950.00000000   9.15133390e-10 
 7000.00000000   8.93096732e-10 
 7050.00000000   8.71032261e-10 
 7100.00000000   8.48938486e-10 
 7150.00000000   8.26816860e-10 
 7200.00000000   8.04665887e-10 
 7250.00000000   7.82486938e-10 
 7300.00000000   7.60975540e-10 
 7350.00000000   7.44341990e-10 
 7400.00000000   7.27688951e-10 
 7450.00000000   7.11016339e-10 
 7500.00000000   6.94324120e-10 
 7550.00000000   6.78560754e-10 
 7600.00000000   6.63178758e-10 
 7650.00000000   6.47779959e-10 
 7700.00000000   6.32364269e-10 
 7750.00000000   6.16944336e-10 
 7800.00000000   6.03239776e-10 
 7850.00000000   5.89521227e-10 
 7900.00000000   5.75788679e-10 
 7950.00000000   5.62042120e-10 
 8000.00000000   5.48995756e-10 
 8050.00000000   5.36591255e-10 
 8100.00000000   5.24174913e-10 
 8150.00000000   5.11746737e-10 
 8200.00000000   4.99306658e-10 
 8250.00000000   4.90279380e-10 
 8300.00000000   4.82271799e-10 
 8350.00000000   4.74257263e-10 
 8400.00000000   4.66235961e-10 
 8450.00000000   4.58207781e-10 
 8500.00000000   4.50172749e-10 
 8550.00000000   4.42130754e-10 
 8600.00000000   4.34081996e-10 
 8650.00000000   4.26026351e-10 
 8700.00000000   4.17963848e-10 
 8750.00000000   4.09894400e-10 
 8800.00000000   4.01818127e-10 
 8850.00000000   3.93633880e-10 
 8900.00000000   3.85340695e-10 
 8950.00000000   3.77041651e-10 
 9000.00000000   3.68736631e-10 
 9050.00000000   3.60425662e-10 
 9100.00000000   3.52108832e-10 
 9150.00000000   3.43786067e-10 
 9200.00000000   3.35457370e-10 
 9250.00000000   3.27122740e-10 
 9300.00000000   3.18782116e-10 
 9350.00000000   3.10435579e-10 
 9400.00000000   3.02083156e-10 
 9450.00000000   2.93724729e-10 
 9500.00000000   2.85360324e-10 
 9550.00000000   2.78138455e-10 
 9600.00000000   2.74555570e-10 
 9650.00000000   2.70970480e-10 
 9700.00000000   2.67383354e-10 
 9750.00000000   2.63794021e-10 
 9800.00000000   2.60202623e-10 
 9850.00000000   2.56609043e-10 
 9900.00000000   2.53013397e-10 
 9950.00000000   2.49415654e-10 
 10000.00000000   2.45815698e-10 
 10000.00000000   2.45815698e-10 