 900.00000000   8.24529381e-17 
 950.00000000   8.34551023e-14 
 1000.00000000   2.34382261e-13 
 1050.00000000   5.02203216e-13 
 1100.00000000   1.94398533e-12 
 1150.00000000   9.53511452e-12 
 1200.00000000   7.06710822e-12 
 1250.00000000   7.59302383e-11 
 1300.00000000   9.30683989e-10 
 1350.00000000   2.52655718e-09 
 1400.00000000   3.56619001e-09 
 1450.00000000   4.19848342e-09 
 1500.00000000   4.96836901e-09 
 1550.00000000   4.52738113e-09 
 1600.00000000   4.68189744e-09 
 1650.00000000   5.13977376e-09 
 1700.00000000   4.88478231e-09 
 1750.00000000   5.01368448e-09 
 1800.00000000   5.44735280e-09 
 1850.00000000   5.25734338e-09 
 1900.00000000   4.90993010e-09 
 1950.00000000   4.84858665e-09 
 2000.00000000   4.83821339e-09 
 2050.00000000   4.70980792e-09 
 2100.00000000   4.58226621e-09 
 2150.00000000   4.26953355e-09 
 2200.00000000   3.95088598e-09 
 2250.00000000   3.66266942e-09 
 2300.00000000   3.38459895e-09 
 2350.00000000   3.17873919e-09 
 2400.00000000   3.25253665e-09 
 2450.00000000   3.32682733e-09 
 2500.00000000   3.36527737e-09 
 2550.00000000   3.39955572e-09 
 2600.00000000   3.42208135e-09 
 2650.00000000   3.42110938e-09 
 2700.00000000   3.42248183e-09 
 2750.00000000   3.44786030e-09 
 2800.00000000   3.47329187e-09 
 2850.00000000   3.48225471e-09 
 2900.00000000   3.48189103e-09 
 2950.00000000   3.48152406e-09 
 3000.00000000   3.48209660e-09 
 3050.00000000   3.48271110e-09 
 3100.00000000   3.48310085e-09 
 3150.00000000   3.40642009e-09 
 3200.00000000   3.35399152e-09 
 3250.00000000   3.33610132e-09 
 3300.00000000   3.29608834e-09 
 3350.00000000   3.24824486e-09 
 3400.00000000   3.22917661e-09 
 3450.00000000   3.20561799e-09 
 3500.00000000   3.15401288e-09 
 3550.00000000   3.15888369e-09 
 3600.00000000   3.08589188e-09 
 3650.00000000   3.13821412e-09 
 3700.00000000   3.89896272e-09 
 3750.00000000   4.66058461e-09 
 3800.00000000   5.42308102e-09 
 3850.00000000   6.18644836e-09 
 3900.00000000   6.95069561e-09 
 3950.00000000   7.49105790e-09 
 4000.00000000   7.43478207e-09 
 4050.00000000   7.37844038e-09 
 4100.00000000   7.32204349e-09 
 4150.00000000   7.26558008e-09 
 4200.00000000   7.20906232e-09 
 4250.00000000   7.15247699e-09 
 4300.00000000   7.03503224e-09 
 4350.00000000   6.85333915e-09 
 4400.00000000   6.67146906e-09 
 4450.00000000   6.48943505e-09 
 4500.00000000   6.30723068e-09 
 4550.00000000   6.12485576e-09 
 4600.00000000   5.94230531e-09 
 4650.00000000   5.75958655e-09 
 4700.00000000   5.59053230e-09 
 4750.00000000   5.44048556e-09 
 4800.00000000   5.29031780e-09 
 4850.00000000   5.14002689e-09 
 4900.00000000   4.98961477e-09 
 4950.00000000   4.83907942e-09 
 5000.00000000   4.68842269e-09 
 5050.00000000   4.53764256e-09 
 5100.00000000   4.38674094e-09 
 5150.00000000   4.23571576e-09 
 5200.00000000   4.12096390e-09 
 5250.00000000   4.02393718e-09 
 5300.00000000   3.92684272e-09 
 5350.00000000   3.82968020e-09 
 5400.00000000   3.73244940e-09 
 5450.00000000   3.63515052e-09 
 5500.00000000   3.53778374e-09 
 5550.00000000   3.45164223e-09 
 5600.00000000   3.36857877e-09 
 5650.00000000   3.28546420e-09 
 5700.00000000   3.20229845e-09 
 5750.00000000   3.11908104e-09 
 5800.00000000   3.03581294e-09 
 5850.00000000   2.95249359e-09 
 5900.00000000   2.86912301e-09 
 5950.00000000   2.80211406e-09 
 6000.00000000   2.73668674e-09 
 6050.00000000   2.67122334e-09 
 6100.00000000   2.60572487e-09 
 6150.00000000   2.54019081e-09 
 6200.00000000   2.47461087e-09 
 6250.00000000   2.40733776e-09 
 6300.00000000   2.34003209e-09 
 6350.00000000   2.27269309e-09 
 6400.00000000   2.20532124e-09 
 6450.00000000   2.13791578e-09 
 6500.00000000   2.07047722e-09 
 6550.00000000   2.01936631e-09 
 6600.00000000   1.98597253e-09 
 6650.00000000   1.95256417e-09 
 6700.00000000   1.91914123e-09 
 6750.00000000   1.88570369e-09 
 6800.00000000   1.85225157e-09 
 6850.00000000   1.81878484e-09 
 6900.00000000   1.78469016e-09 
 6950.00000000   1.74851253e-09 
 7000.00000000   1.71232096e-09 
 7050.00000000   1.67611545e-09 
 7100.00000000   1.63989538e-09 
 7150.00000000   1.60366198e-09 
 7200.00000000   1.56741464e-09 
 7250.00000000   1.53115334e-09 
 7300.00000000   1.49562428e-09 
 7350.00000000   1.46533312e-09 
 7400.00000000   1.43503078e-09 
 7450.00000000   1.40471851e-09 
 7500.00000000   1.37439504e-09 
 7550.00000000   1.34683041e-09 
 7600.00000000   1.32042168e-09 
 7650.00000000   1.29400372e-09 
 7700.00000000   1.26757713e-09 
 7750.00000000   1.24115801e-09 
 7800.00000000   1.21689323e-09 
 7850.00000000   1.19262046e-09 
 7900.00000000   1.16834030e-09 
 7950.00000000   1.14405277e-09 
 8000.00000000   1.12141798e-09 
 8050.00000000   1.10029594e-09 
 8100.00000000   1.07916851e-09 
 8150.00000000   1.05803508e-09 
 8200.00000000   1.03689565e-09 
 8250.00000000   1.02556220e-09 
 8300.00000000   1.01716988e-09 
 8350.00000000   1.00877481e-09 
 8400.00000000   1.00037759e-09 
 8450.00000000   9.91978850e-10 
 8500.00000000   9.83577351e-10 
 8550.00000000   9.75173700e-10 
 8600.00000000   9.66767917e-10 
 8650.00000000   9.58360605e-10 
 8700.00000000   9.49950536e-10 
 8750.00000000   9.41538316e-10 
 8800.00000000   9.33123954e-10 
 8850.00000000   9.17510054e-10 
 8900.00000000   8.94573206e-10 
 8950.00000000   8.71630855e-10 
 9000.00000000   8.48683626e-10 
 9050.00000000   8.25731519e-10 
 9100.00000000   8.02775162e-10 
 9150.00000000   7.79813296e-10 
 9200.00000000   7.56846547e-10 
 9250.00000000   7.33874918e-10 
 9300.00000000   7.10899032e-10 
 9350.00000000   6.87917636e-10 
 9400.00000000   6.64931357e-10 
 9450.00000000   6.41940194e-10 
 9500.00000000   6.18944583e-10 
 9550.00000000   6.01116127e-10 
 9600.00000000   5.99691025e-10 
 9650.00000000   5.98265607e-10 
 9700.00000000   5.96839933e-10 
 9750.00000000   5.95414066e-10 
 9800.00000000   5.93987884e-10 
 9850.00000000   5.92561445e-10 
 9900.00000000   5.91134814e-10 
 9950.00000000   5.89707867e-10 
 10000.00000000   5.88280663e-10 
 10000.00000000   5.88280663e-10 